1,10000,盟重回城石,1#3,0,1,1,1,1,0,0,0#0,0,1#100,0
2,10001,随机传送石,1#3,0,1,1,2,1,0,0,0#0,0,1#100,0
3,10002,修复神水,1#3,0,1,1,3,1,0,0,1#100,0,1#0,0
4,10079,红名清洗卷,1#3,0,1,1,4,1,0,0,1#100,0,1#0,0
5,10003,沃玛号角,7,0,5000,1,5,1,0,0,1#100,0,1#0,0
6,10596,50万元宝,1,0,500000,1,6,1,0,0,1#100,0,1#0,0
7,10597,100万元宝,1,0,1000000,1,7,1,0,0,1#100,0,1#0,0
8,10598,500万元宝,1,0,5000000,1,8,1,0,0,1#100,0,1#0,0
9,10599,1000万元宝,1,0,10000000,1,9,1,0,0,1#100,0,1#0,0
10,10600,5000万元宝,1,0,50000000,1,10,1,0,0,1#100,0,1#0,0
11,10601,5万灵符,2,0,50000,1,11,1,0,0,1#100,0,1#0,0
12,10602,10万灵符,2,0,100000,1,12,1,0,0,1#100,0,1#0,0
13,10603,50万灵符,2,0,500000,1,13,1,0,0,1#100,0,1#0,0
14,10604,100万灵符,2,0,1000000,1,14,1,0,0,1#100,0,1#0,0
15,10605,500万灵符,2,0,5000000,1,15,1,0,0,1#100,0,1#0,0
16,10606,1000万灵符,2,0,10000000,1,16,1,0,0,1#100,0,1#0,0
17,10607,5000万灵符,2,0,50000000,1,17,1,0,0,1#100,0,1#0,0
